0.423797 0.274812 0.308016 0.409763 0.426047 0.388645 0.454618 0.416696 0.444939 0.462972 0.429761 0.45978 0.267592 0.381624 0.570163 0.349477 0.378965 0.661346 0.618283 
0.430388 0.124299 0.257124 0.177665 0.167889 0.243755 0.180444 0.25865 0.230274 0.269144 0.461921 0.35331 0.486009 
0 
0.377837 0.379832 0.402601 0.276386 
0.219591 0.279118 0.323799 0.246899 0.312538 0.442604 0.247002 
0.26143 0.198363 0.204168 0.179079 0.231012 0.2433 0.313688 0.268321 0.270233 0.130149 0.258021 0.364161 0.175601 0.189597 0.292698 
0.193402 0.137997 0.156046 0.178748 0.338355 0.0772927 0.207256 0.199527 0.13886 0.15452 0.150888 0.193813 0.1983 0.137388 0.195919 0.157698 0.304355 0.196506 0.129862 0.242108 
0.703262 0.353257 0.325133 0.375546 0.386209 0.367139 0.361634 0.485845 0.482585 
0.244433 0.183896 0.362027 0.222859 0.285172 0.179574 
0.248999 0.229182 0.242035 0.243606 0.415122 0.171071 
