0.260121 0.288512 0.152219 0.200655 0.39189 0.256871 0.348405 0.254291 0.224682 0.261608 0.314179 0.284295 0.323128 0.276798 0.272143 0.196474 0.291156 0.347591 0.262867 0.438664 0.268401 0.318809 0.290058 0.318374 0.223794 
0.31843 0.108138 0.140428 0.20594 0.27878 0.116454 0.14623 0.177086 0.12311 0.221902 0.144532 0.265542 0.170074 0.148986 0.23181 
0 
0.272348 0.101321 0.176606 
0.136325 0.167885 0.0974438 0.151702 
0.148881 0.146958 0.227536 0.210735 0.194737 0.216583 0.181201 0.365574 0.134874 0.114104 0.178122 0.271757 0.225593 
0.150839 0.115984 0.125422 0.255589 0.20471 0.130611 0.224662 0.157242 0.179627 0.150263 0.161012 0.247576 0.284154 0.179894 0.17761 0.163502 0.206739 0.134654 0.21947 0.241243 0.172929 0.268918 0.105331 
0.182552 0.290819 0.191517 0.277005 0.24518 0.229749 
0.131396 0.177529 0.147935 0.1675 0.0966758 
0.145673 0.113722 0.22482 0.134696 0.201994 
