0.432963 0.769443 0.554454 0.695646 0.504594 0.513585 1.28182 0.458774 0.448588 0.885691 0.416724 0.541829 0.995378 0.408559 0.542302 0.333538 0.497998 0.330992 0.918418 0.596699 0.450221 0.520575 0.615455 0.549293 0.501265 
0.25308 0.214543 0.176208 0.222546 
0.389667 0.302435 0.242439 
0.601416 0.307112 0.293162 
0.630291 0.508534 0.373827 0.419291 0.646421 0.339976 0.617791 
0.440238 0.846871 0.381952 0.480433 0.479452 0.920737 0.59329 0.484875 0.463234 0.436648 0.424739 0.315595 0.518094 0.698824 0.407605 0.410561 
0.49497 0.462311 0.486697 0.537956 0.550239 0.83731 0.553653 0.468162 0.567747 0.506776 0.548589 0.579486 0.857922 0.495165 0.531134 0.475395 0.523192 0.594893 0.717379 0.435142 0.756927 0.468871 0.635888 
0.422581 0.472806 0.285002 
0.368998 0.494677 0.494201 0.526579 0.512872 0.383522 0.411651 0.549899 0.487504 0.507076 0.462618 0.41678 0.407869 
0.351932 0.327253 0.402295 
