0.446108 0.769443 0.550973 0.692528 0.504894 0.514846 1.2819 0.470058 0.471802 0.883393 0.43869 0.541829 0.995378 0.428185 0.550553 0.390899 0.510903 0.336995 0.91638 0.596699 0.489788 0.531119 0.613679 0.549293 0.514631 
0.25308 0.214543 0.179716 0.222546 
0.389667 0.308173 0.242439 
0.601416 0.315697 0.302906 
0.634319 0.510409 0.373588 0.424268 0.646421 0.340993 0.624485 
0.456981 0.846871 0.384251 0.481797 0.479527 0.920737 0.59963 0.48674 0.466496 0.437187 0.424739 0.325845 0.52161 0.707017 0.408944 0.423573 
0.494863 0.46234 0.486226 0.537111 0.558696 0.837324 0.55332 0.469458 0.571272 0.521945 0.548437 0.58919 0.858673 0.493648 0.528902 0.478269 0.531262 0.594893 0.722061 0.439156 0.765759 0.47141 0.63095 
0.422581 0.472806 0.285002 
0.369725 0.494677 0.494117 0.526579 0.513027 0.383755 0.411806 0.549899 0.487504 0.506727 0.462618 0.416652 0.407869 
0.355167 0.327253 0.411326 
